1 522.084
2 522.084
3 522.084
4 522.084
5 522.084
6 522.084
7 522.084
8 522.084
9 504.168
10 504.168
11 504.168
12 504.168
13 504.168
14 504.168
15 504.168
16 504.168
17 504.168
18 503.9
19 503.9
20 503.9
21 503.9
22 503.9
23 503.9
24 503.9
25 503.9
26 503.9
27 503.9
28 503.9
29 503.9
30 503.9
31 503.9
32 503.9
33 503.9
34 503.9
35 503.9
36 489.887
37 489.887
38 489.887
39 489.887
40 489.887
41 489.887
42 489.887
43 489.887
44 489.887
45 489.887
46 489.887
47 489.887
48 489.887
49 489.887
50 489.887
51 489.887
52 489.887
53 489.887
54 489.887
55 489.887
56 489.887
57 489.887
58 489.887
59 489.887
60 489.887
61 489.887
62 489.887
63 489.887
64 489.887
65 489.887
66 489.887
67 489.887
68 489.887
69 489.887
70 489.887
71 489.887
72 489.887
73 489.887
74 489.887
75 489.887
76 489.887
77 489.887
78 489.887
79 489.887
80 489.887
81 489.887
82 489.887
83 489.887
84 489.887
85 489.887
86 489.887
87 489.887
88 489.887
89 489.887
90 489.887
91 489.887
92 489.887
93 489.887
94 489.887
95 489.887
96 489.887
97 489.887
98 489.887
99 489.887
100 489.887
101 489.887
102 489.887
103 489.887
104 489.887
105 489.887
106 489.887
107 489.887
108 489.887
109 489.887
110 489.887
111 489.887
112 489.887
113 489.887
114 489.887
115 489.887
116 489.887
117 489.887
118 489.887
119 489.887
120 489.887
121 489.887
122 489.887
123 489.887
124 489.887
125 489.887
126 489.887
127 489.887
128 489.887
129 489.887
130 489.887
131 489.887
132 489.887
133 489.887
134 489.887
135 489.887
136 489.887
137 489.887
138 489.887
139 489.887
140 489.887
141 489.887
142 489.887
143 489.887
144 489.887
145 489.887
146 489.887
147 489.887
148 489.887
149 489.887
150 489.887
151 489.887
152 489.887
153 489.887
154 489.887
155 489.887
156 489.887
157 489.887
158 489.887
159 489.887
160 489.887
161 489.887
162 489.887
163 489.887
164 489.887
165 489.887
166 489.887
167 489.887
168 489.887
169 489.887
170 489.887
171 489.887
172 489.887
173 489.887
174 489.887
175 489.887
176 489.887
177 489.887
178 489.887
179 489.887
180 489.887
181 489.887
182 489.887
183 489.887
184 489.887
185 489.887
186 489.887
187 489.887
188 489.887
189 489.887
190 489.887
191 489.887
192 489.887
193 489.887
194 489.887
195 489.887
196 489.887
197 489.887
198 489.887
199 489.887
200 489.887
201 489.887
202 489.887
203 489.887
204 489.887
205 489.887
206 489.887
207 489.887
208 489.887
209 489.887
210 489.887
211 489.887
212 489.887
213 489.887
214 489.887
215 489.887
216 489.887
217 489.887
218 489.887
219 489.887
220 489.887
221 489.887
222 489.887
223 489.887
224 489.887
225 489.887
226 489.887
227 489.887
228 489.887
229 489.887
230 489.887
231 489.887
232 489.887
233 489.887
234 489.887
235 489.887
236 489.887
237 489.887
238 489.887
239 489.887
240 489.887
241 489.887
242 489.887
243 489.887
244 489.887
245 489.887
246 489.887
247 489.887
248 489.887
249 489.887
250 489.887
251 489.887
252 489.887
253 489.887
254 489.887
255 489.887
256 489.887
257 489.887
258 489.887
259 489.887
260 489.887
261 489.887
262 489.887
263 489.887
264 489.887
265 489.887
266 489.887
267 489.887
268 489.887
269 489.887
270 489.887
271 489.887
272 489.887
273 489.887
274 489.887
275 489.887
276 489.887
277 489.887
278 489.887
279 489.887
280 489.887
281 489.887
282 489.887
283 489.887
284 489.887
285 489.887
286 489.887
287 489.887
288 489.887
289 489.887
290 489.887
291 489.887
292 489.887
293 489.887
294 489.887
295 489.887
296 489.887
297 489.887
298 489.887
299 489.887
300 489.887
301 489.887
302 489.887
303 489.887
304 489.887
305 489.887
306 489.887
307 489.887
308 489.887
309 489.887
310 489.887
311 489.887
312 489.887
313 489.887
314 489.887
315 489.887
316 489.887
317 489.887
318 489.887
319 489.887
320 489.887
321 489.887
322 489.887
323 489.887
324 489.887
325 489.887
326 489.887
327 489.887
328 489.887
329 489.887
330 489.887
331 489.887
332 489.887
333 489.887
334 489.887
335 489.887
336 489.887
337 489.887
338 489.887
339 489.887
340 489.887
341 489.887
342 489.887
343 489.887
344 489.887
345 489.887
346 489.887
347 489.887
348 489.887
349 489.887
350 489.887
351 489.887
352 489.887
353 489.887
354 489.887
355 489.887
356 489.887
357 489.887
358 489.887
359 489.887
360 489.887
361 489.887
362 489.887
363 489.887
364 489.887
365 489.887
366 489.887
367 489.887
368 489.887
369 489.887
370 489.887
371 489.887
372 489.887
373 489.887
374 489.887
375 489.887
376 489.887
377 489.887
378 489.887
379 489.887
380 489.887
381 489.887
382 489.887
383 489.887
384 489.887
385 489.887
386 489.887
387 489.887
388 489.887
389 489.887
390 489.887
391 489.887
392 489.887
393 489.887
394 489.887
395 489.887
396 489.887
397 489.887
398 489.887
399 489.887
400 489.887
401 489.887
402 489.887
403 489.887
404 489.887
405 489.887
406 489.887
407 489.887
408 489.887
409 489.887
410 489.887
411 489.887
412 489.887
413 489.887
414 489.887
415 489.887
416 489.887
417 489.887
418 489.887
419 489.887
420 489.887
421 489.887
422 489.887
423 489.887
424 489.887
425 489.887
426 489.887
427 489.887
428 489.887
429 489.887
430 489.887
431 489.887
432 489.887
433 489.887
434 489.887
435 489.887
436 489.887
437 489.887
438 489.887
439 489.887
440 489.887
441 489.887
442 489.887
443 489.887
444 489.887
445 489.887
446 489.887
447 489.887
448 489.887
449 489.887
450 489.887
451 489.887
452 489.887
453 489.887
454 489.887
455 489.887
456 489.887
457 489.887
458 489.887
459 489.887
460 489.887
461 489.887
462 489.887
463 489.887
464 489.887
465 489.887
466 489.887
467 489.887
468 489.887
469 489.887
470 489.887
471 489.887
472 489.887
473 489.887
474 489.887
475 489.887
476 489.887
477 489.887
478 489.887
479 489.887
480 489.887
481 489.887
482 489.887
483 489.887
484 489.887
485 489.887
486 489.887
487 489.887
488 489.887
489 489.887
490 489.887
491 489.887
492 489.887
493 489.887
494 489.887
495 489.887
496 489.887
497 489.887
498 489.887
499 489.887
500 489.887
501 489.887
502 489.887
503 489.887
504 489.887
505 489.887
506 489.887
507 489.887
508 489.887
509 489.887
510 489.887
511 489.887
512 489.887
513 489.887
514 489.887
515 489.887
516 489.887
517 489.887
518 489.887
519 489.887
520 489.887
521 489.887
522 489.887
523 489.887
524 489.887
525 489.887
526 489.887
527 489.887
528 489.887
529 489.887
530 489.887
531 489.887
532 489.887
533 489.887
534 489.887
535 489.887
536 489.887
537 489.887
538 489.887
539 489.887
540 489.887
541 489.887
542 489.887
543 489.887
544 489.887
545 489.887
546 489.887
547 489.887
548 489.887
549 489.887
550 489.887
551 489.887
552 489.887
553 489.887
554 489.887
555 489.887
556 489.887
557 489.887
558 489.887
559 489.887
560 489.887
561 489.887
562 489.887
563 489.887
564 489.887
565 489.887
566 489.887
567 489.887
568 489.887
569 489.887
570 489.887
571 489.887
572 489.887
573 489.887
574 489.887
575 489.887
576 489.887
577 489.887
578 489.887
579 489.887
580 489.887
581 489.887
582 489.887
583 489.887
584 489.887
585 489.887
586 489.887
587 489.887
588 489.887
589 489.887
590 489.887
591 489.887
592 489.887
593 489.887
594 489.887
595 489.887
596 489.887
597 489.887
598 489.887
599 489.887
600 489.887
601 489.887
602 489.887
603 489.887
604 489.887
605 489.887
606 489.887
607 489.887
608 489.887
609 489.887
610 489.887
611 489.887
612 489.887
613 489.887
614 489.887
615 489.887
616 489.887
617 489.887
618 489.887
619 489.887
620 489.887
621 489.887
622 489.887
623 489.887
624 489.887
625 489.887
626 489.887
627 489.887
628 489.887
629 489.887
630 489.887
631 489.887
632 489.887
633 489.887
634 489.887
635 489.887
636 489.887
637 489.887
638 489.887
639 489.887
640 489.887
641 489.887
642 489.887
643 489.887
644 489.887
645 489.887
646 489.887
647 489.887
648 489.887
649 489.887
650 489.887
651 489.887
652 489.887
653 489.887
654 489.887
655 489.887
656 489.887
657 489.887
658 489.887
659 489.887
660 489.887
661 489.887
662 489.887
663 489.887
664 489.887
665 489.887
666 489.887
667 489.887
668 489.887
669 489.887
670 489.887
671 489.887
672 489.887
673 489.887
674 489.887
675 489.887
676 489.887
677 489.887
678 489.887
679 489.887
680 489.887
681 489.887
682 489.887
683 489.887
684 489.887
685 489.887
686 489.887
687 489.887
688 489.887
689 489.887
690 489.887
691 489.887
692 489.887
693 489.887
694 489.887
695 489.887
696 489.887
697 489.887
698 489.887
699 489.887
700 489.887
701 489.887
702 489.887
703 489.887
704 489.887
705 489.887
706 489.887
707 489.887
708 489.887
709 489.887
710 489.887
711 489.887
712 489.887
713 489.887
714 489.887
715 489.887
716 489.887
717 489.887
718 489.887
719 489.887
720 489.887
721 489.887
722 489.887
723 489.887
724 489.887
725 489.887
726 489.887
727 489.887
728 489.887
729 489.887
730 489.887
731 489.887
732 489.887
733 489.887
734 489.887
735 489.887
736 489.887
737 489.887
738 489.887
739 489.887
740 489.887
741 489.887
742 489.887
743 489.887
744 489.887
745 489.887
746 489.887
747 489.887
748 489.887
749 489.887
750 489.887
751 489.887
752 489.887
753 489.887
754 489.887
755 489.887
756 489.887
757 489.887
758 489.887
759 489.887
760 489.887
761 489.887
762 489.887
763 489.887
764 489.887
765 489.887
766 489.887
767 489.887
768 489.887
769 489.887
770 489.887
771 489.887
772 489.887
773 489.887
774 489.887
775 489.887
776 489.887
777 489.887
778 489.887
779 489.887
780 489.887
781 489.887
782 489.887
783 489.887
784 489.887
785 489.887
786 489.887
787 489.887
788 489.887
789 489.887
790 489.887
791 489.887
792 489.887
793 489.887
794 489.887
795 489.887
796 489.887
797 489.887
798 489.887
799 489.887
800 489.887
801 489.887
802 489.887
803 489.887
804 489.887
805 489.887
806 489.887
807 489.887
808 489.887
809 489.887
810 489.887
811 489.887
812 489.887
813 489.887
814 489.887
815 489.887
816 489.887
817 489.887
818 489.887
819 489.887
820 489.887
821 489.887
822 489.887
823 489.887
824 489.887
825 489.887
826 489.887
827 489.887
828 489.887
829 489.887
830 489.887
831 489.887
832 489.887
833 489.887
834 489.887
835 489.887
836 489.887
837 489.887
838 489.887
839 489.887
840 489.887
841 489.887
842 489.887
843 489.887
844 489.887
845 489.887
846 489.887
847 489.887
848 489.887
849 489.887
850 489.887
851 489.887
852 489.887
853 489.887
854 489.887
855 489.887
856 489.887
857 489.887
858 489.887
859 489.887
860 489.887
861 489.887
862 489.887
863 489.887
864 489.887
865 489.887
866 489.887
867 489.887
868 489.887
869 489.887
870 489.887
871 489.887
872 489.887
873 489.887
874 489.887
875 489.887
876 489.887
877 489.887
878 489.887
879 489.887
880 489.887
881 489.887
882 489.887
883 489.887
884 489.887
885 489.887
886 489.887
887 489.887
888 489.887
889 489.887
890 489.887
891 489.887
892 489.887
893 489.887
894 489.887
895 489.887
896 489.887
897 489.887
898 489.887
899 489.887
900 489.887
901 489.887
902 489.887
903 489.887
904 489.887
905 489.887
906 489.887
907 489.887
908 489.887
909 489.887
910 489.887
911 489.887
912 489.887
913 489.887
914 489.887
915 489.887
916 489.887
917 489.887
918 489.887
919 489.887
920 489.887
921 489.887
922 489.887
923 489.887
924 489.887
925 489.887
926 489.887
927 489.887
928 489.887
929 489.887
930 489.887
931 489.887
932 489.887
933 489.887
934 489.887
935 489.887
936 489.887
937 489.887
938 489.887
939 489.887
940 489.887
941 489.887
942 489.887
943 489.887
944 489.887
945 489.887
946 489.887
947 489.887
948 489.887
949 489.887
950 489.887
951 489.887
952 489.887
953 489.887
954 489.887
955 489.887
956 489.887
957 489.887
958 489.887
959 489.887
960 489.887
961 489.887
962 489.887
963 489.887
964 489.887
965 489.887
966 489.887
967 489.887
968 489.887
969 489.887
970 489.887
971 489.887
972 489.887
973 489.887
974 489.887
975 489.887
976 489.887
977 489.887
978 489.887
979 489.887
980 489.887
981 489.887
982 489.887
983 489.887
984 489.887
985 489.887
986 489.887
987 489.887
988 489.887
989 489.887
990 489.887
991 489.887
992 489.887
993 489.887
994 489.887
995 489.887
996 489.887
997 489.887
998 489.887
999 489.887
1000 489.887
