1 536.365
2 519.592
3 508.904
4 507.681
5 507.681
6 507.681
7 507.681
8 507.681
9 507.681
10 486.217
11 486.217
12 486.217
13 486.217
14 486.217
15 486.217
16 486.217
17 486.217
18 486.217
19 486.217
20 486.217
21 486.217
22 486.217
23 486.217
24 486.217
25 486.217
26 486.217
27 486.217
28 486.217
29 486.217
30 486.217
31 486.217
32 486.217
33 486.217
34 486.217
35 486.217
36 486.217
37 486.217
38 486.217
39 486.217
40 486.217
41 486.217
42 486.217
43 486.217
44 486.217
45 486.217
46 486.217
47 486.217
48 485.924
49 485.924
50 485.924
51 485.924
52 485.924
53 485.903
54 473.335
55 473.335
56 473.335
57 473.335
58 473.335
59 473.335
60 473.335
61 473.335
62 473.335
63 473.335
64 473.335
65 473.335
66 473.335
67 473.335
68 473.335
69 473.335
70 473.335
71 473.335
72 473.335
73 473.335
74 473.335
75 473.335
76 473.335
77 473.335
78 473.335
79 473.335
80 473.335
81 473.335
82 473.335
83 473.335
84 473.335
85 473.335
86 473.335
87 473.335
88 473.335
89 473.335
90 473.335
91 473.335
92 473.335
93 473.335
94 473.335
95 473.335
96 473.335
97 473.335
98 473.335
99 473.335
100 473.335
101 473.335
102 473.335
103 473.335
104 473.335
105 473.335
106 473.335
107 473.335
108 473.335
109 473.335
110 473.335
111 473.335
112 473.335
113 473.335
114 473.335
115 473.335
116 473.335
117 473.335
118 473.335
119 473.335
120 473.335
121 473.335
122 473.335
123 473.335
124 473.335
125 473.335
126 473.335
127 473.335
128 473.335
129 473.335
130 473.335
131 473.335
132 473.335
133 473.335
134 473.335
135 473.335
136 473.335
137 473.335
138 473.335
139 473.335
140 473.335
141 473.335
142 473.335
143 473.335
144 473.335
145 473.335
146 473.335
147 473.335
148 473.335
149 473.335
150 473.335
151 473.335
152 473.335
153 473.335
154 473.335
155 473.335
156 473.335
157 473.335
158 473.335
159 473.335
160 473.335
161 473.335
162 473.335
163 473.335
164 473.335
165 473.335
166 473.335
167 473.335
168 473.335
169 473.335
170 473.335
171 473.335
172 473.335
173 473.335
174 473.335
175 473.335
176 473.335
177 473.335
178 473.335
179 473.335
180 473.335
181 473.335
182 473.335
183 473.335
184 473.335
185 473.335
186 473.335
187 473.335
188 473.335
189 473.335
190 473.335
191 473.335
192 473.335
193 473.335
194 473.335
195 473.335
196 473.335
197 473.335
198 473.335
199 473.335
200 473.335
201 473.335
202 473.335
203 473.335
204 473.335
205 473.335
206 473.335
207 473.335
208 473.335
209 473.335
210 473.335
211 473.335
212 473.335
213 473.335
214 473.335
215 473.335
216 473.335
217 473.335
218 473.335
219 473.335
220 473.335
221 473.335
222 473.335
223 473.335
224 473.335
225 473.335
226 473.335
227 473.335
228 473.335
229 473.335
230 473.335
231 473.335
232 473.335
233 473.335
234 473.335
235 473.335
236 473.335
237 473.335
238 473.335
239 473.335
240 473.335
241 473.335
242 473.335
243 473.335
244 473.335
245 473.335
246 473.335
247 473.335
248 473.335
249 473.335
250 473.335
251 473.335
252 473.335
253 473.335
254 473.335
255 473.335
256 473.335
257 473.335
258 473.335
259 473.335
260 473.335
261 473.335
262 473.335
263 473.335
264 473.335
265 473.335
266 473.335
267 473.335
268 473.335
269 473.335
270 473.335
271 473.335
272 473.335
273 473.335
274 473.335
275 473.335
276 473.335
277 473.335
278 473.335
279 473.335
280 473.335
281 473.335
282 473.335
283 473.335
284 473.335
285 473.335
286 473.335
287 473.335
288 473.335
289 473.335
290 473.335
291 473.335
292 473.335
293 473.335
294 473.335
295 473.335
296 473.335
297 473.335
298 473.335
299 473.335
300 473.335
301 473.335
302 473.335
303 473.335
304 473.335
305 473.335
306 473.335
307 473.335
308 473.335
309 473.335
310 473.335
311 473.335
312 473.335
313 473.335
314 473.335
315 473.335
316 473.335
317 473.335
318 473.335
319 473.335
320 473.335
321 473.335
322 473.335
323 473.335
324 473.335
325 473.335
326 473.335
327 473.335
328 473.335
329 473.335
330 473.335
331 473.335
332 473.335
333 473.335
334 473.335
335 473.335
336 473.335
337 473.335
338 473.335
339 473.335
340 473.335
341 473.335
342 473.335
343 473.335
344 473.335
345 473.335
346 473.335
347 473.335
348 473.335
349 473.335
350 473.335
351 473.335
352 473.335
353 473.335
354 473.335
355 473.335
356 473.335
357 473.335
358 473.335
359 473.335
360 473.335
361 473.335
362 473.335
363 473.335
364 473.335
365 473.335
366 473.335
367 473.335
368 473.335
369 473.335
370 473.335
371 473.335
372 473.335
373 473.335
374 473.335
375 473.335
376 473.335
377 473.335
378 473.335
379 473.335
380 473.335
381 473.335
382 473.335
383 473.335
384 473.335
385 473.335
386 473.335
387 473.335
388 473.335
389 473.335
390 473.335
391 473.335
392 473.335
393 473.335
394 473.335
395 473.335
396 473.335
397 473.335
398 473.335
399 473.335
400 473.335
401 473.335
402 473.335
403 473.335
404 473.335
405 473.335
406 473.335
407 473.335
408 473.335
409 473.335
410 473.335
411 473.335
412 473.335
413 473.335
414 473.335
415 473.335
416 473.335
417 473.335
418 473.335
419 473.335
420 473.335
421 473.335
422 473.335
423 473.335
424 473.335
425 473.335
426 473.335
427 473.335
428 473.335
429 473.335
430 473.335
431 473.335
432 473.335
433 473.335
434 473.335
435 473.335
436 473.335
437 473.335
438 473.335
439 473.335
440 473.335
441 473.335
442 473.335
443 473.335
444 473.335
445 473.335
446 473.335
447 473.335
448 473.335
449 473.335
450 473.335
451 473.335
452 473.335
453 473.335
454 473.335
455 473.335
456 473.335
457 473.335
458 473.335
459 473.335
460 473.335
461 473.335
462 473.335
463 473.335
464 473.335
465 473.335
466 473.335
467 473.335
468 473.335
469 473.335
470 473.335
471 473.335
472 473.335
473 473.335
474 473.335
475 473.335
476 473.335
477 473.335
478 473.335
479 473.335
480 473.335
481 473.335
482 473.335
483 473.335
484 473.335
485 473.335
486 473.335
487 473.335
488 473.335
489 473.335
490 473.335
491 473.335
492 473.335
493 473.335
494 473.335
495 473.335
496 473.335
497 473.335
498 473.335
499 473.335
500 473.335
501 473.335
502 473.335
503 473.335
504 473.335
505 473.335
506 473.335
507 473.335
508 473.335
509 473.335
510 473.335
511 473.335
512 473.335
513 473.335
514 473.335
515 473.335
516 473.335
517 473.335
518 473.335
519 473.335
520 473.335
521 473.335
522 473.335
523 473.335
524 473.335
525 473.335
526 473.335
527 473.335
528 473.335
529 473.335
530 473.335
531 473.335
532 473.335
533 473.335
534 473.335
535 473.335
536 473.335
537 473.335
538 473.335
539 473.335
540 473.335
541 473.335
542 473.335
543 473.335
544 473.335
545 473.335
546 473.335
547 473.335
548 473.335
549 473.335
550 473.335
551 473.335
552 473.335
553 473.335
554 473.335
555 473.335
556 473.335
557 473.335
558 473.335
559 473.335
560 473.335
561 473.335
562 473.335
563 473.335
564 473.335
565 473.335
566 473.335
567 473.335
568 473.335
569 473.335
570 473.335
571 473.335
572 473.335
573 473.335
574 473.335
575 473.335
576 473.335
577 473.335
578 473.335
579 473.335
580 473.335
581 473.335
582 473.335
583 473.335
584 473.335
585 473.335
586 473.335
587 473.335
588 473.335
589 473.335
590 473.335
591 473.335
592 473.335
593 473.335
594 473.335
595 473.335
596 473.335
597 473.335
598 473.335
599 473.335
600 473.335
601 473.335
602 473.335
603 473.335
604 473.335
605 473.335
606 473.335
607 473.335
608 473.335
609 473.335
610 473.335
611 473.335
612 473.335
613 473.335
614 473.335
615 473.335
616 473.335
617 473.335
618 473.335
619 473.335
620 473.335
621 473.335
622 473.335
623 473.335
624 473.335
625 473.335
626 473.335
627 473.335
628 473.335
629 473.335
630 473.335
631 473.335
632 473.335
633 473.335
634 473.335
635 473.335
636 473.335
637 473.335
638 473.335
639 473.335
640 473.335
641 473.335
642 473.335
643 473.335
644 473.335
645 473.335
646 473.335
647 473.335
648 473.335
649 473.335
650 473.335
651 473.335
652 473.335
653 473.335
654 473.335
655 473.335
656 473.335
657 473.335
658 473.335
659 473.335
660 473.335
661 473.335
662 473.335
663 473.335
664 473.335
665 473.335
666 473.335
667 473.335
668 473.335
669 473.335
670 473.335
671 473.335
672 473.335
673 473.335
674 473.335
675 473.335
676 473.335
677 473.335
678 473.335
679 473.335
680 473.335
681 473.335
682 473.335
683 473.335
684 473.335
685 473.335
686 473.335
687 473.335
688 473.335
689 473.335
690 473.335
691 473.335
692 473.335
693 473.335
694 473.335
695 473.335
696 473.335
697 473.335
698 473.335
699 473.335
700 473.335
701 473.335
702 473.335
703 473.335
704 473.335
705 473.335
706 473.335
707 473.335
708 473.335
709 473.335
710 473.335
711 473.335
712 473.335
713 473.335
714 473.335
715 473.335
716 473.335
717 473.335
718 473.335
719 473.335
720 473.335
721 473.335
722 473.335
723 473.335
724 473.335
725 473.335
726 473.335
727 473.335
728 473.335
729 473.335
730 473.335
731 473.335
732 473.335
733 473.335
734 473.335
735 473.335
736 473.335
737 473.335
738 473.335
739 473.335
740 473.335
741 473.335
742 473.335
743 473.335
744 473.335
745 473.335
746 473.335
747 473.335
748 473.335
749 473.335
750 473.335
751 473.335
752 473.335
753 473.335
754 473.335
755 473.335
756 473.335
757 473.335
758 473.335
759 473.335
760 473.335
761 473.335
762 473.335
763 473.335
764 473.335
765 473.335
766 473.335
767 473.335
768 473.335
769 473.335
770 473.335
771 473.335
772 473.335
773 473.335
774 473.335
775 473.335
776 473.335
777 473.335
778 473.335
779 473.335
780 473.335
781 473.335
782 473.335
783 473.335
784 473.335
785 473.335
786 473.335
787 473.335
788 473.335
789 473.335
790 473.335
791 473.335
792 473.335
793 473.335
794 473.335
795 473.335
796 473.335
797 473.335
798 473.335
799 473.335
800 473.335
801 473.335
802 473.335
803 473.335
804 473.335
805 473.335
806 473.335
807 473.335
808 473.335
809 473.335
810 473.335
811 473.335
812 473.335
813 473.335
814 473.335
815 473.335
816 473.335
817 473.335
818 473.335
819 473.335
820 473.335
821 473.335
822 473.335
823 473.335
824 473.335
825 473.335
826 473.335
827 473.335
828 473.335
829 473.335
830 473.335
831 473.335
832 473.335
833 473.335
834 473.335
835 473.335
836 473.335
837 473.335
838 473.335
839 473.335
840 473.335
841 473.335
842 473.335
843 473.335
844 473.335
845 473.335
846 473.335
847 473.335
848 473.335
849 473.335
850 473.335
851 473.335
852 473.335
853 473.335
854 473.335
855 473.335
856 473.335
857 473.335
858 473.335
859 473.335
860 473.335
861 473.335
862 473.335
863 473.335
864 473.335
865 473.335
866 473.335
867 473.335
868 473.335
869 473.335
870 473.335
871 473.335
872 473.335
873 473.335
874 473.335
875 473.335
876 473.335
877 473.335
878 473.335
879 473.335
880 473.335
881 473.335
882 473.335
883 473.335
884 473.335
885 473.335
886 473.335
887 473.335
888 473.335
889 473.335
890 473.335
891 473.335
892 473.335
893 473.335
894 473.335
895 473.335
896 473.335
897 473.335
898 473.335
899 473.335
900 473.335
901 473.335
902 473.335
903 473.335
904 473.335
905 473.335
906 473.335
907 473.335
908 473.335
909 473.335
910 473.335
911 473.335
912 473.335
913 473.335
914 473.335
915 473.335
916 473.335
917 473.335
918 473.335
919 473.335
920 473.335
921 473.335
922 473.335
923 473.335
924 473.335
925 473.335
926 473.335
927 473.335
928 473.335
929 473.335
930 473.335
931 473.335
932 473.335
933 473.335
934 473.335
935 473.335
936 473.335
937 473.335
938 473.335
939 473.335
940 473.335
941 473.335
942 473.335
943 473.335
944 473.335
945 473.335
946 473.335
947 473.335
948 473.335
949 473.335
950 473.335
951 473.335
952 473.335
953 473.335
954 473.335
955 473.335
956 473.335
957 473.335
958 473.335
959 473.335
960 473.335
961 473.335
962 473.335
963 473.335
964 473.335
965 473.335
966 473.335
967 473.335
968 473.335
969 473.335
970 473.335
971 473.335
972 473.335
973 473.335
974 473.335
975 473.335
976 473.335
977 473.335
978 473.335
979 473.335
980 473.335
981 473.335
982 473.335
983 473.335
984 473.335
985 473.335
986 473.335
987 473.335
988 473.335
989 473.335
990 473.335
991 473.335
992 473.335
993 473.335
994 473.335
995 473.335
996 473.335
997 473.335
998 473.335
999 473.335
1000 473.335
