1 494.861
2 470.405
3 453.365
4 453.365
5 451.331
6 451.331
7 451.331
8 440.025
9 440.025
10 440.025
11 434.57
12 434.57
13 434.57
14 434.57
15 434.57
16 434.57
17 434.57
18 434.57
19 434.57
20 434.57
21 434.57
22 434.57
23 434.57
24 434.57
25 434.57
26 434.57
27 434.57
28 434.57
29 434.57
30 434.57
31 434.57
32 434.57
33 434.57
34 428.872
35 428.872
36 428.872
37 428.872
38 428.872
39 428.872
40 428.872
41 428.872
42 428.872
43 428.872
44 428.872
45 428.872
46 428.872
47 428.872
48 428.872
49 428.872
50 428.872
51 428.872
52 428.872
53 428.872
54 428.872
55 428.872
56 428.872
57 428.872
58 428.872
59 428.872
60 428.872
61 428.872
62 428.872
63 428.872
64 428.872
65 428.872
66 428.872
67 428.872
68 428.872
69 428.872
70 428.872
71 428.872
72 428.872
73 428.872
74 428.872
75 428.872
76 428.872
77 428.872
78 428.872
79 428.872
80 428.872
81 428.872
82 428.872
83 428.872
84 428.872
85 428.872
86 428.872
87 428.872
88 428.872
89 428.872
90 428.872
91 428.872
92 428.872
93 428.872
94 428.872
95 428.872
96 428.872
97 428.872
98 428.872
99 428.872
100 428.872
101 428.872
102 428.872
103 428.872
104 428.872
105 428.872
106 428.872
107 428.872
108 428.872
109 428.872
110 428.872
111 428.872
112 428.872
113 428.872
114 428.872
115 428.872
116 428.872
117 428.872
118 428.872
119 428.872
120 428.872
121 428.872
122 428.872
123 428.872
124 428.872
125 428.872
126 428.872
127 428.872
128 428.872
129 428.872
130 428.872
131 428.872
132 428.872
133 428.872
134 428.872
135 428.872
136 428.872
137 428.872
138 428.872
139 428.872
140 428.872
141 428.872
142 428.872
143 428.872
144 428.872
145 428.872
146 428.872
147 428.872
148 428.872
149 428.872
150 428.872
151 428.872
152 428.872
153 428.872
154 428.872
155 428.872
156 428.872
157 428.872
158 428.872
159 428.872
160 428.872
161 428.872
162 428.872
163 428.872
164 428.872
165 428.872
166 428.872
167 428.872
168 428.872
169 428.872
170 428.872
171 428.872
172 428.872
173 428.872
174 428.872
175 428.872
176 428.872
177 428.872
178 428.872
179 428.872
180 428.872
181 428.872
182 428.872
183 428.872
184 428.872
185 428.872
186 428.872
187 428.872
188 428.872
189 428.872
190 428.872
191 428.872
192 428.872
193 428.872
194 428.872
195 428.872
196 428.872
197 428.872
198 428.872
199 428.872
200 428.872
201 428.872
202 428.872
203 428.872
204 428.872
205 428.872
206 428.872
207 428.872
208 428.872
209 428.872
210 428.872
211 428.872
212 428.872
213 428.872
214 428.872
215 428.872
216 428.872
217 428.872
218 428.872
219 428.872
220 428.872
221 428.872
222 428.872
223 428.872
224 428.872
225 428.872
226 428.872
227 428.872
228 428.872
229 428.872
230 428.872
231 428.872
232 428.872
233 428.872
234 428.872
235 428.872
236 428.872
237 428.872
238 428.872
239 428.872
240 428.872
241 428.872
242 428.872
243 428.872
244 428.872
245 428.872
246 428.872
247 428.872
248 428.872
249 428.872
250 428.872
251 428.872
252 428.872
253 428.872
254 428.872
255 428.872
256 428.872
257 428.872
258 428.872
259 428.872
260 428.872
261 428.872
262 428.872
263 428.872
264 428.872
265 428.872
266 428.872
267 428.872
268 428.872
269 428.872
270 428.872
271 428.872
272 428.872
273 428.872
274 428.872
275 428.872
276 428.872
277 428.872
278 428.872
279 428.872
280 428.872
281 428.872
282 428.872
283 428.872
284 428.872
285 428.872
286 428.872
287 428.872
288 428.872
289 428.872
290 428.872
291 428.872
292 428.872
293 428.872
294 428.872
295 428.872
296 428.872
297 428.872
298 428.872
299 428.872
300 428.872
301 428.872
302 428.872
303 428.872
304 428.872
305 428.872
306 428.872
307 428.872
308 428.872
309 428.872
310 428.872
311 428.872
312 428.872
313 428.872
314 428.872
315 428.872
316 428.872
317 428.872
318 428.872
319 428.872
320 428.872
321 428.872
322 428.872
323 428.872
324 428.872
325 428.872
326 428.872
327 428.872
328 428.872
329 428.872
330 428.872
331 428.872
332 428.872
333 428.872
334 428.872
335 428.872
336 428.872
337 428.872
338 428.872
339 428.872
340 428.872
341 428.872
342 428.872
343 428.872
344 428.872
345 428.872
346 428.872
347 428.872
348 428.872
349 428.872
350 428.872
351 428.872
352 428.872
353 428.872
354 428.872
355 428.872
356 428.872
357 428.872
358 428.872
359 428.872
360 428.872
361 428.872
362 428.872
363 428.872
364 428.872
365 428.872
366 428.872
367 428.872
368 428.872
369 428.872
370 428.872
371 428.872
372 428.872
373 428.872
374 428.872
375 428.872
376 428.872
377 428.872
378 428.872
379 428.872
380 428.872
381 428.872
382 428.872
383 428.872
384 428.872
385 428.872
386 428.872
387 428.872
388 428.872
389 428.872
390 428.872
391 428.872
392 428.872
393 428.872
394 428.872
395 428.872
396 428.872
397 428.872
398 428.872
399 428.872
400 428.872
401 428.872
402 428.872
403 428.872
404 428.872
405 428.872
406 428.872
407 428.872
408 428.872
409 428.872
410 428.872
411 428.872
412 428.872
413 428.872
414 428.872
415 428.872
416 428.872
417 428.872
418 428.872
419 428.872
420 428.872
421 428.872
422 428.872
423 428.872
424 428.872
425 428.872
426 428.872
427 428.872
428 428.872
429 428.872
430 428.872
431 428.872
432 428.872
433 428.872
434 428.872
435 428.872
436 428.872
437 428.872
438 428.872
439 428.872
440 428.872
441 428.872
442 428.872
443 428.872
444 428.872
445 428.872
446 428.872
447 428.872
448 428.872
449 428.872
450 428.872
451 428.872
452 428.872
453 428.872
454 428.872
455 428.872
456 428.872
457 428.872
458 428.872
459 428.872
460 428.872
461 428.872
462 428.872
463 428.872
464 428.872
465 428.872
466 428.872
467 428.872
468 428.872
469 428.872
470 428.872
471 428.872
472 428.872
473 428.872
474 428.872
475 428.872
476 428.872
477 428.872
478 428.872
479 428.872
480 428.872
481 428.872
482 428.872
483 428.872
484 428.872
485 428.872
486 428.872
487 428.872
488 428.872
489 428.872
490 428.872
491 428.872
492 428.872
493 428.872
494 428.872
495 428.872
496 428.872
497 428.872
498 428.872
499 428.872
500 428.872
501 428.872
502 428.872
503 428.872
504 428.872
505 428.872
506 428.872
507 428.872
508 428.872
509 428.872
510 428.872
511 428.872
512 428.872
513 428.872
514 428.872
515 428.872
516 428.872
517 428.872
518 428.872
519 428.872
520 428.872
521 428.872
522 428.872
523 428.872
524 428.872
525 428.872
526 428.872
527 428.872
528 428.872
529 428.872
530 428.872
531 428.872
532 428.872
533 428.872
534 428.872
535 428.872
536 428.872
537 428.872
538 428.872
539 428.872
540 428.872
541 428.872
542 428.872
543 428.872
544 428.872
545 428.872
546 428.872
547 428.872
548 428.872
549 428.872
550 428.872
551 428.872
552 428.872
553 428.872
554 428.872
555 428.872
556 428.872
557 428.872
558 428.872
559 428.872
560 428.872
561 428.872
562 428.872
563 428.872
564 428.872
565 428.872
566 428.872
567 428.872
568 428.872
569 428.872
570 428.872
571 428.872
572 428.872
573 428.872
574 428.872
575 428.872
576 428.872
577 428.872
578 428.872
579 428.872
580 428.872
581 428.872
582 428.872
583 428.872
584 428.872
585 428.872
586 428.872
587 428.872
588 428.872
589 428.872
590 428.872
591 428.872
592 428.872
593 428.872
594 428.872
595 428.872
596 428.872
597 428.872
598 428.872
599 428.872
600 428.872
601 428.872
602 428.872
603 428.872
604 428.872
605 428.872
606 428.872
607 428.872
608 428.872
609 428.872
610 428.872
611 428.872
612 428.872
613 428.872
614 428.872
615 428.872
616 428.872
617 428.872
618 428.872
619 428.872
620 428.872
621 428.872
622 428.872
623 428.872
624 428.872
625 428.872
626 428.872
627 428.872
628 428.872
629 428.872
630 428.872
631 428.872
632 428.872
633 428.872
634 428.872
635 428.872
636 428.872
637 428.872
638 428.872
639 428.872
640 428.872
641 428.872
642 428.872
643 428.872
644 428.872
645 428.872
646 428.872
647 428.872
648 428.872
649 428.872
650 428.872
651 428.872
652 428.872
653 428.872
654 428.872
655 428.872
656 428.872
657 428.872
658 428.872
659 428.872
660 428.872
661 428.872
662 428.872
663 428.872
664 428.872
665 428.872
666 428.872
667 428.872
668 428.872
669 428.872
670 428.872
671 428.872
672 428.872
673 428.872
674 428.872
675 428.872
676 428.872
677 428.872
678 428.872
679 428.872
680 428.872
681 428.872
682 428.872
683 428.872
684 428.872
685 428.872
686 428.872
687 428.872
688 428.872
689 428.872
690 428.872
691 428.872
692 428.872
693 428.872
694 428.872
695 428.872
696 428.872
697 428.872
698 428.872
699 428.872
700 428.872
701 428.872
702 428.872
703 428.872
704 428.872
705 428.872
706 428.872
707 428.872
708 428.872
709 428.872
710 428.872
711 428.872
712 428.872
713 428.872
714 428.872
715 428.872
716 428.872
717 428.872
718 428.872
719 428.872
720 428.872
721 428.872
722 428.872
723 428.872
724 428.872
725 428.872
726 428.872
727 428.872
728 428.872
729 428.872
730 428.872
731 428.872
732 428.872
733 428.872
734 428.872
735 428.872
736 428.872
737 428.872
738 428.872
739 428.872
740 428.872
741 428.872
742 428.872
743 428.872
744 428.872
745 428.872
746 428.872
747 428.872
748 428.872
749 428.872
750 428.872
751 428.872
752 428.872
753 428.872
754 428.872
755 428.872
756 428.872
757 428.872
758 428.872
759 428.872
760 428.872
761 428.872
762 428.872
763 428.872
764 428.872
765 428.872
766 428.872
767 428.872
768 428.872
769 428.872
770 428.872
771 428.872
772 428.872
773 428.872
774 428.872
775 428.872
776 428.872
777 428.872
778 428.872
779 428.872
780 428.872
781 428.872
782 428.872
783 428.872
784 428.872
785 428.872
786 428.872
787 428.872
788 428.872
789 428.872
790 428.872
791 428.872
792 428.872
793 428.872
794 428.872
795 428.872
796 428.872
797 428.872
798 428.872
799 428.872
800 428.872
801 428.872
802 428.872
803 428.872
804 428.872
805 428.872
806 428.872
807 428.872
808 428.872
809 428.872
810 428.872
811 428.872
812 428.872
813 428.872
814 428.872
815 428.872
816 428.872
817 428.872
818 428.872
819 428.872
820 428.872
821 428.872
822 428.872
823 428.872
824 428.872
825 428.872
826 428.872
827 428.872
828 428.872
829 428.872
830 428.872
831 428.872
832 428.872
833 428.872
834 428.872
835 428.872
836 428.872
837 428.872
838 428.872
839 428.872
840 428.872
841 428.872
842 428.872
843 428.872
844 428.872
845 428.872
846 428.872
847 428.872
848 428.872
849 428.872
850 428.872
851 428.872
852 428.872
853 428.872
854 428.872
855 428.872
856 428.872
857 428.872
858 428.872
859 428.872
860 428.872
861 428.872
862 428.872
863 428.872
864 428.872
865 428.872
866 428.872
867 428.872
868 428.872
869 428.872
870 428.872
871 428.872
872 428.872
873 428.872
874 428.872
875 428.872
876 428.872
877 428.872
878 428.872
879 428.872
880 428.872
881 428.872
882 428.872
883 428.872
884 428.872
885 428.872
886 428.872
887 428.872
888 428.872
889 428.872
890 428.872
891 428.872
892 428.872
893 428.872
894 428.872
895 428.872
896 428.872
897 428.872
898 428.872
899 428.872
900 428.872
901 428.872
902 428.872
903 428.872
904 428.872
905 428.872
906 428.872
907 428.872
908 428.872
909 428.872
910 428.872
911 428.872
912 428.872
913 428.872
914 428.872
915 428.872
916 428.872
917 428.872
918 428.872
919 428.872
920 428.872
921 428.872
922 428.872
923 428.872
924 428.872
925 428.872
926 428.872
927 428.872
928 428.872
929 428.872
930 428.872
931 428.872
932 428.872
933 428.872
934 428.872
935 428.872
936 428.872
937 428.872
938 428.872
939 428.872
940 428.872
941 428.872
942 428.872
943 428.872
944 428.872
945 428.872
946 428.872
947 428.872
948 428.872
949 428.872
950 428.872
951 428.872
952 428.872
953 428.872
954 428.872
955 428.872
956 428.872
957 428.872
958 428.872
959 428.872
960 428.872
961 428.872
962 428.872
963 428.872
964 428.872
965 428.872
966 428.872
967 428.872
968 428.872
969 428.872
970 428.872
971 428.872
972 428.872
973 428.872
974 428.872
975 428.872
976 428.872
977 428.872
978 428.872
979 428.872
980 428.872
981 428.872
982 428.872
983 428.872
984 428.872
985 428.872
986 428.872
987 428.872
988 428.872
989 428.872
990 428.872
991 428.872
992 428.872
993 428.872
994 428.872
995 428.872
996 428.872
997 428.872
998 428.872
999 428.872
1000 428.872
